No.,run_time,No
,101.75797486305237,0
,103.17607998847961,1
,93.65283107757568,2
,103.52680897712708,3
,96.70983815193176,4
,100.36492896080017,5
,104.78186058998108,6
,108.20603084564209,7
,90.94746732711792,8
,107.24238157272339,9
,115.97978734970093,10
,109.81854057312012,11
,115.55129718780518,12
,103.88201785087585,13
,110.71483159065247,14
,110.29910206794739,15
,108.03590083122253,16
,103.0680284500122,17
,112.4613127708435,18
,110.6543242931366,19
,103.25561213493347,20
,109.19933080673218,21
,122.43993902206421,22
,109.47063875198364,23
,102.31847071647644,24
,108.674001455307,25
,114.03276872634888,26
,107.33637309074402,27
,104.20177888870239,28
,94.45633912086487,29
,101.09191131591797,30
,91.52416038513184,31
,95.93037176132202,32
,86.33714008331299,33
,91.29139137268066,34
,81.59143686294556,35
,85.60191679000854,36
,87.77522802352905,37
,85.45236611366272,38
,89.974449634552,39
,92.57798719406128,40
,85.77156925201416,41
,84.43671131134033,42
,82.82666659355164,43
,81.794362783432,44
,84.65791368484497,45
,81.30230021476746,46
,84.14493155479431,47
,76.47585463523865,48
,78.78295469284058,49
,77.17963695526123,50
,87.69979643821716,51
,82.01514291763306,52
,83.13679218292236,53
,80.72809767723083,54
,84.58564138412476,55
,83.47504615783691,56
,81.82937240600586,57
,84.2030177116394,58
,80.6657440662384,59
,81.05595684051514,60
,83.3286817073822,61
,86.57573437690735,62
,75.15796208381653,63
,85.14947175979614,64
,81.07506108283997,65
,85.40707659721375,66
,92.60694980621338,67
,86.85095691680908,68
,79.45445275306702,69
,88.91627931594849,70
,80.2909038066864,71
,89.83345460891724,72
,91.16583704948425,73
,89.64597916603088,74
,83.97560548782349,75
,80.38300132751465,76
,80.32825970649719,77
,87.69156765937805,78
,80.19847130775452,79
,76.23574328422546,80
,85.47499656677246,81
,85.28537678718567,82
,81.8431351184845,83
,81.02424097061157,84
,78.44674706459045,85
,89.60171246528625,86
,79.9159426689148,87
,80.22588777542114,88
,81.90857028961182,89
,78.68852472305298,90
,79.71235871315002,91
,78.3519434928894,92
,78.58933329582214,93
,82.14427161216736,94
,84.78019213676453,95
,87.85454726219177,96
,90.24790382385254,97
,79.7600724697113,98
,81.74316167831421,99
,74.45583987236023,100
,79.9195454120636,101
,73.1168851852417,102
,76.73904752731323,103
,74.14384198188782,104
,80.12990593910217,105
,75.19884705543518,106
,76.34782719612122,107
,81.46222996711731,108
,74.79048871994019,109
,78.78423547744751,110
,84.56572008132935,111
,69.89620733261108,112
,77.19521307945251,113
,75.37202978134155,114
,78.37310647964478,115
,76.83101415634155,116
,75.06219863891602,117
,85.79698300361633,118
,79.28795599937439,119
,78.39834880828857,120
,74.07146835327148,121
,78.64582920074463,122
,80.82122445106506,123
,85.40711617469788,124
,82.14609575271606,125
,77.18659472465515,126
,68.12197995185852,127
,68.68858242034912,128
,70.06345653533936,129
,67.66766881942749,130
,76.06126713752747,131
,76.21101784706116,132
,77.32986092567444,133
,74.20873832702637,134
,71.05271792411804,135
,75.25343322753906,136
,74.70502257347107,137
,72.97949552536011,138
,77.70358514785767,139
,75.51486659049988,140
,76.75876784324646,141
,74.85769176483154,142
,77.80021548271179,143
,75.00464367866516,144
,70.81378483772278,145
,68.24955916404724,146
,69.61391401290894,147
,68.492928981781,148
,70.23117470741272,149
,76.1379406452179,150
,75.98299193382263,151
,73.39682459831238,152
,80.67103791236877,153
,85.08257460594177,154
,83.36918711662292,155
,80.02877998352051,156
,81.39682912826538,157
,80.57820582389832,158
,75.05783176422119,159
,78.82590007781982,160
,76.79659366607666,161
,81.66474938392639,162
,80.00714612007141,163
,77.23117685317993,164
,70.64235138893127,165
,70.07626867294312,166
,72.24741268157959,167
,79.26900005340576,168
,71.42225456237793,169
,74.93646693229675,170
,72.73066902160645,171
,77.63148808479309,172
,81.80472040176392,173
,77.06912112236023,174
,76.73105072975159,175
,75.78174924850464,176
,79.23423671722412,177
,73.22241687774658,178
,71.07139468193054,179
,77.08864688873291,180
,71.67946219444275,181
,83.27915811538696,182
,81.32371997833252,183
,81.17032742500305,184
,72.36862540245056,185
,77.74081349372864,186
,73.95230507850647,187
,79.26273941993713,188
,72.02519464492798,189
,73.02398681640625,190
,69.5460832118988,191
,70.96823596954346,192
,69.71868968009949,193
,71.79259443283081,194
,75.45417165756226,195
,75.31938624382019,196
,72.76408815383911,197
,72.70760488510132,198
,69.13953590393066,199
,77.74779319763184,200
,72.51853346824646,201
,74.83817481994629,202
,76.23874950408936,203
,78.59160447120667,204
,75.64586806297302,205
,78.46247410774231,206
,80.69875741004944,207
,75.87015008926392,208
,83.19772434234619,209
,83.65447974205017,210
,77.60752487182617,211
,84.15817856788635,212
,88.67800641059875,213
,76.7363350391388,214
,75.51006579399109,215
,77.57959008216858,216
,76.13764786720276,217
,71.35737705230713,218
,76.39564824104309,219
,79.86430501937866,220
,72.31645131111145,221
,71.70279359817505,222
,77.06235218048096,223
,78.22419905662537,224
,77.53100442886353,225
,78.53923559188843,226
,75.94322180747986,227
,78.33966422080994,228
,81.38189506530762,229
,75.9216730594635,230
,80.15028619766235,231
,74.37767720222473,232
,81.45157408714294,233
,75.70537042617798,234
,77.73863577842712,235
,76.60709834098816,236
,80.94614338874817,237
,83.59150242805481,238
,76.41528296470642,239
,74.31607580184937,240
,76.39441084861755,241
,81.04650521278381,242
,71.60807633399963,243
,72.2709014415741,244
,76.80072951316833,245
,78.6225197315216,246
,72.50772452354431,247
,70.43915390968323,248
,65.74389719963074,249
,72.40677833557129,250
,85.17213201522827,251
,78.06689214706421,252
,88.09145069122314,253
,79.98349785804749,254
,74.15477323532104,255
,81.79788374900818,256
,79.72626256942749,257
,83.31812262535095,258
,84.98190140724182,259
,83.93378067016602,260
,83.59537863731384,261
,79.24673986434937,262
,81.62649059295654,263
,82.97091603279114,264
,88.76943445205688,265
,87.8127076625824,266
,83.72709465026855,267
,85.07266759872437,268
,85.67748641967773,269
,87.56362915039062,270
,77.33495354652405,271
,86.45832872390747,272
,93.36507177352905,273
,79.84657979011536,274
,92.022714138031,275
,93.0451340675354,276
,92.6149754524231,277
,97.4436264038086,278
,86.69530749320984,279
,80.99645590782166,280
,91.13477396965027,281
,87.56785488128662,282
,83.35112929344177,283
,87.99649047851562,284
,82.90664219856262,285
,94.99613308906555,286
,90.94067692756653,287
