No.,run_time,No
,86.54328870773315,0
,81.97303628921509,1
,84.48910880088806,2
,89.12096309661865,3
,83.76053023338318,4
,87.04300355911255,5
,78.06680607795715,6
,95.6027684211731,7
,87.8733434677124,8
,79.78692936897278,9
,79.98910784721375,10
,78.41650700569153,11
,78.01985263824463,12
,78.20528650283813,13
,81.6002550125122,14
,80.5565619468689,15
,83.33865571022034,16
,91.3352735042572,17
,87.59513688087463,18
,85.0713312625885,19
,84.56013631820679,20
,84.28965616226196,21
,85.3714759349823,22
,84.38378047943115,23
,90.42758679389954,24
,85.1313054561615,25
,85.53889989852905,26
,92.96667861938477,27
,91.67281174659729,28
,90.10568499565125,29
,89.6240165233612,30
,91.29918766021729,31
,85.70778393745422,32
,97.66324067115784,33
,78.80125761032104,34
,87.77711153030396,35
,91.29438281059265,36
,98.19149470329285,37
,89.18656516075134,38
,87.0516529083252,39
,80.3865385055542,40
,89.78342580795288,41
,79.67931985855103,42
,89.95765519142151,43
,87.23332810401917,44
,84.37035775184631,45
,85.35994005203247,46
,85.45009303092957,47
,97.24757790565491,48
,94.16033101081848,49
,93.31671786308289,50
,88.00464677810669,51
,103.40788769721985,52
,91.54568481445312,53
,92.04586100578308,54
,95.45502829551697,55
,78.81383538246155,56
,90.60100984573364,57
,98.6909110546112,58
,90.53107714653015,59
,89.46378326416016,60
,82.29088258743286,61
,83.61524176597595,62
,100.90675258636475,63
,99.43721318244934,64
,97.00675654411316,65
,102.72736167907715,66
,87.63096761703491,67
,92.14512610435486,68
,90.20538711547852,69
,88.75994825363159,70
,95.47755575180054,71
,88.72528839111328,72
,103.11696147918701,73
,110.23553729057312,74
,86.5702919960022,75
,100.71061420440674,76
,101.12193942070007,77
,93.37341213226318,78
,88.71542811393738,79
,94.44258999824524,80
,85.46996665000916,81
,93.437917470932,82
,91.10353302955627,83
,89.56568622589111,84
,93.17156791687012,85
,98.38201665878296,86
,100.63335227966309,87
,86.07993960380554,88
,94.26684737205505,89
,90.63192224502563,90
,97.39621114730835,91
,86.95388579368591,92
,84.56018328666687,93
,94.87719869613647,94
,101.32120156288147,95
,96.87625360488892,96
,91.754718542099,97
,90.76824069023132,98
,91.20675683021545,99
,88.74598336219788,100
,93.1206169128418,101
,91.78612756729126,102
,86.12802457809448,103
,101.90670347213745,104
,99.22923970222473,105
,95.43188309669495,106
,98.55652785301208,107
,93.89022278785706,108
,97.77825474739075,109
,100.62714195251465,110
,99.94987082481384,111
,100.08178567886353,112
,106.14852905273438,113
,97.18843245506287,114
,90.40342783927917,115
,96.21511697769165,116
,82.10068082809448,117
,84.71356391906738,118
,84.00115776062012,119
,79.74256825447083,120
,89.93009734153748,121
,91.5122458934784,122
,95.78685736656189,123
,94.94757223129272,124
,92.83858752250671,125
,95.28295135498047,126
,99.99719667434692,127
,90.61770248413086,128
,86.79607963562012,129
,97.79603981971741,130
,99.06450629234314,131
,103.3503942489624,132
,91.91723489761353,133
,89.88683867454529,134
,97.67538332939148,135
,99.29724335670471,136
,93.56288313865662,137
,99.99153256416321,138
,83.88120651245117,139
,95.52236270904541,140
,95.65449929237366,141
,106.79521131515503,142
,90.84492111206055,143
,91.3696436882019,144
,90.81695294380188,145
,79.67703151702881,146
,77.09193658828735,147
,78.48026776313782,148
,92.31591606140137,149
,88.60351347923279,150
,82.32395887374878,151
,82.21299529075623,152
,79.72986435890198,153
,78.18023490905762,154
,77.25577545166016,155
,83.19267249107361,156
,87.20832562446594,157
,75.40299654006958,158
,78.40007281303406,159
,82.00038528442383,160
,85.56693959236145,161
,86.86026048660278,162
,90.20492792129517,163
,90.79795622825623,164
,79.89327239990234,165
,75.99475431442261,166
,86.74259996414185,167
,89.7330596446991,168
,86.6201024055481,169
,94.14213800430298,170
,85.31995749473572,171
,88.6880133152008,172
,95.16482377052307,173
,82.78973650932312,174
,90.96507120132446,175
,91.57484078407288,176
,83.12018013000488,177
,92.8087785243988,178
,82.32588338851929,179
,81.91555547714233,180
,79.42738270759583,181
,76.26582884788513,182
,76.62941145896912,183
,82.54736113548279,184
,79.52404880523682,185
,81.23218822479248,186
,81.15353465080261,187
,83.39514350891113,188
,83.22659063339233,189
,82.01606011390686,190
,76.15420317649841,191
,74.97256445884705,192
,83.7542314529419,193
,86.06939649581909,194
,84.5389289855957,195
,79.903071641922,196
,83.2864818572998,197
,78.93816614151001,198
,82.34185767173767,199
,82.66926193237305,200
,83.21419215202332,201
,85.05076432228088,202
,82.23454475402832,203
,76.05969166755676,204
,75.60076546669006,205
,87.12691473960876,206
,92.47957944869995,207
,81.65611338615417,208
,84.47141432762146,209
,86.7689356803894,210
,86.2608573436737,211
,86.70833086967468,212
,95.14176893234253,213
,90.66893362998962,214
,83.12253141403198,215
,85.17413806915283,216
,90.49388313293457,217
,88.10934114456177,218
,91.55191493034363,219
,82.9673810005188,220
,78.81013321876526,221
,84.19779849052429,222
,87.58070182800293,223
,87.76114273071289,224
,84.62935709953308,225
,90.3259949684143,226
,94.50114512443542,227
,92.74694061279297,228
,87.20661330223083,229
,85.17128801345825,230
,97.86123132705688,231
,95.26049470901489,232
,88.4969072341919,233
,81.06628251075745,234
,82.66724514961243,235
,89.6286268234253,236
,84.47160029411316,237
,86.57029104232788,238
,83.79837083816528,239
,81.37540650367737,240
,90.83982944488525,241
,90.3266077041626,242
,79.513174533844,243
,86.379230260849,244
,93.0989408493042,245
,98.45396423339844,246
,93.54012107849121,247
,89.61629843711853,248
,105.77684378623962,249
,92.49852299690247,250
,88.23675990104675,251
,86.61246752738953,252
,101.1419620513916,253
,90.27374505996704,254
,94.94351196289062,255
,82.76784610748291,256
,80.20853877067566,257
,84.72909665107727,258
,80.28589200973511,259
,81.75739002227783,260
,81.54768776893616,261
,76.86089205741882,262
,80.52057027816772,263
,82.52010703086853,264
,88.35605430603027,265
,91.32736039161682,266
,88.30543065071106,267
,84.77614259719849,268
,87.60144186019897,269
,93.15955686569214,270
,87.0267915725708,271
,85.87191677093506,272
,77.39511561393738,273
,77.7814872264862,274
,89.41993522644043,275
,86.43949866294861,276
,83.63573908805847,277
,86.12637305259705,278
,82.88806986808777,279
,89.27669548988342,280
,85.02928709983826,281
,79.75633668899536,282
,82.25198793411255,283
,81.94455361366272,284
,84.7384581565857,285
,82.54252052307129,286
,85.91889953613281,287
