No.,run_time,No
,98.1080150604248,0
,86.06884813308716,1
,88.44144701957703,2
,93.86739706993103,3
,87.60544490814209,4
,92.36045241355896,5
,94.05178809165955,6
,93.5330445766449,7
,95.3519082069397,8
,112.52738690376282,9
,98.54315829277039,10
,97.0665831565857,11
,108.53743696212769,12
,110.27096581459045,13
,102.75522208213806,14
,101.47228693962097,15
,101.08755564689636,16
,106.9686849117279,17
,97.61215829849243,18
,105.12751817703247,19
,95.33367991447449,20
,101.41684746742249,21
,94.21685075759888,22
,109.77268600463867,23
,104.92660903930664,24
,103.52505683898926,25
,114.40157508850098,26
,106.88289856910706,27
,109.82590198516846,28
,102.46299862861633,29
,103.75827026367188,30
,112.45977425575256,31
,106.98157525062561,32
,98.40198922157288,33
,101.20844650268555,34
,102.04162931442261,35
,105.0386016368866,36
,108.1943519115448,37
,96.97306418418884,38
,93.60463643074036,39
,103.06048011779785,40
,99.80651998519897,41
,103.10290694236755,42
,114.48390698432922,43
,95.82492589950562,44
,99.64094710350037,45
,100.67724776268005,46
,100.17712593078613,47
,102.86170864105225,48
,98.13248419761658,49
,104.30345797538757,50
,95.89830112457275,51
,97.97930145263672,52
,101.4970018863678,53
,93.78416275978088,54
,95.06987810134888,55
,96.97785711288452,56
,87.75111532211304,57
,93.13219785690308,58
,94.80782151222229,59
,94.31954455375671,60
,97.0902349948883,61
,89.28480362892151,62
,96.06067371368408,63
,96.56287455558777,64
,91.03321290016174,65
,92.36202430725098,66
,85.29287576675415,67
,85.29738211631775,68
,86.3569848537445,69
,93.54248023033142,70
,89.6637589931488,71
,89.60776591300964,72
,94.41050577163696,73
,95.28556895256042,74
,102.47851514816284,75
,96.85531640052795,76
,95.86927437782288,77
,91.94034957885742,78
,94.64162135124207,79
,84.13947010040283,80
,90.01131391525269,81
,84.16715168952942,82
,89.74999594688416,83
,91.41419625282288,84
,92.56689810752869,85
,93.65761065483093,86
,80.3796615600586,87
,77.4441704750061,88
,92.90233707427979,89
,79.65183210372925,90
,83.73833203315735,91
,82.52751111984253,92
,81.48730444908142,93
,79.35046529769897,94
,83.51704263687134,95
,83.81075620651245,96
,98.1865234375,97
,88.65251803398132,98
,86.06973052024841,99
,86.02379775047302,100
,86.79404997825623,101
,89.70289373397827,102
,88.71244931221008,103
,84.12827897071838,104
,80.73270177841187,105
,82.66867113113403,106
,73.57316184043884,107
,78.12441873550415,108
,82.7122106552124,109
,78.46637344360352,110
,76.1591625213623,111
,78.21410727500916,112
,78.46240663528442,113
,80.3664619922638,114
,97.15383672714233,115
,84.35322833061218,116
,81.8602089881897,117
,84.05279684066772,118
,87.62561559677124,119
,86.94727373123169,120
,83.0263421535492,121
,85.65784645080566,122
,84.96896862983704,123
,89.15456628799438,124
,80.13396048545837,125
,78.49660301208496,126
,75.47067070007324,127
,79.63882327079773,128
,78.90760397911072,129
,84.75084733963013,130
,82.29832696914673,131
,85.98779463768005,132
,83.41385126113892,133
,81.70017910003662,134
,81.68605327606201,135
,85.52734875679016,136
,87.06378483772278,137
,81.2633650302887,138
,77.77343773841858,139
,85.244882106781,140
,79.92298889160156,141
,78.2163577079773,142
,90.02356219291687,143
,88.07509732246399,144
,83.36854386329651,145
,86.18019127845764,146
,102.23115992546082,147
,83.04449534416199,148
,82.63954138755798,149
,82.7305543422699,150
,87.34694242477417,151
,83.18780326843262,152
,81.44582509994507,153
,78.4189202785492,154
,87.67895746231079,155
,76.0487048625946,156
,83.02325534820557,157
,85.92713785171509,158
,88.57284951210022,159
,80.42679905891418,160
,79.46686339378357,161
,79.90182375907898,162
,78.37405061721802,163
,88.75253796577454,164
,95.36096215248108,165
,91.74395179748535,166
,86.85579586029053,167
,86.70495533943176,168
,96.54480528831482,169
,85.82807397842407,170
,80.27508425712585,171
,98.34130144119263,172
,93.8895149230957,173
,90.79011464118958,174
,104.17642617225647,175
,100.27135229110718,176
,103.53469848632812,177
,87.71420502662659,178
,98.0291440486908,179
,84.56288409233093,180
,90.95325970649719,181
,96.30166864395142,182
,91.90505075454712,183
,89.28423357009888,184
,105.09025716781616,185
,90.98670434951782,186
,90.40172219276428,187
,99.23828172683716,188
,96.77048778533936,189
,94.31730651855469,190
,86.7538652420044,191
,88.3047707080841,192
,91.20534038543701,193
,90.67531132698059,194
,91.22761821746826,195
,89.61978673934937,196
,98.37644076347351,197
,87.4872076511383,198
,93.70069408416748,199
,92.4389386177063,200
,85.44590854644775,201
,93.81458878517151,202
,83.9517285823822,203
,85.22767448425293,204
,78.24731588363647,205
,82.19861650466919,206
,79.83279490470886,207
,80.34263968467712,208
,78.1500768661499,209
,73.50653052330017,210
,78.09353685379028,211
,81.54494309425354,212
,77.58204174041748,213
,77.2228353023529,214
,86.76032996177673,215
,85.50473833084106,216
,86.7657163143158,217
,90.11642670631409,218
,85.80873370170593,219
,78.77402448654175,220
,92.35793948173523,221
,87.43837285041809,222
,92.75050759315491,223
,88.99304938316345,224
,84.73774456977844,225
,87.63842701911926,226
,81.29890584945679,227
,82.5869722366333,228
,88.6415467262268,229
,81.69740056991577,230
,85.49341750144958,231
,71.31343126296997,232
,84.64964437484741,233
,90.74125862121582,234
,82.41158509254456,235
,81.36415600776672,236
,84.49840021133423,237
,88.3333785533905,238
,85.89049124717712,239
,85.9918041229248,240
,94.81042647361755,241
,87.76719665527344,242
,82.1506495475769,243
,89.43833351135254,244
,103.00709319114685,245
,90.89907932281494,246
,88.00175380706787,247
,90.97785949707031,248
,98.57578563690186,249
,85.19292140007019,250
,83.74898982048035,251
,91.13918614387512,252
,95.47366523742676,253
,93.38549304008484,254
,92.67080497741699,255
,95.13693380355835,256
,95.67871260643005,257
,93.49776554107666,258
,91.64724636077881,259
,93.28029918670654,260
,99.96943187713623,261
,95.07198786735535,262
,91.37971878051758,263
,103.22118282318115,264
,103.24877285957336,265
,95.37615466117859,266
,91.08435440063477,267
,89.97651362419128,268
,87.84580278396606,269
,92.49445843696594,270
,96.17947793006897,271
,88.83483505249023,272
,79.41460084915161,273
,83.08087229728699,274
,89.84818649291992,275
,84.21357822418213,276
,83.74001431465149,277
,78.70068621635437,278
,92.01799845695496,279
,89.3200511932373,280
,85.71889185905457,281
,90.45315909385681,282
,78.3862054347992,283
,83.71412324905396,284
,92.21469759941101,285
,94.2323567867279,286
,87.40639805793762,287
