run_time,No
96.3302769661,0
99.9189808369,1
89.2035505772,2
92.0741825104,3
85.2022500038,4
92.1134710312,5
90.4967913628,6
86.6645610332,7
91.7259392738,8
82.1375133991,9
85.5517306328,10
85.7566518784,11
77.9679293633,12
92.0690915585,13
91.2369744778,14
90.864967823,15
93.4388332367,16
93.1070530415,17
77.8173201084,18
80.4643974304,19
86.5944519043,20
81.2277152538,21
81.6455645561,22
91.1268217564,23
93.6148693562,24
96.1077642441,25
94.7280912399,26
91.8996963501,27
93.4502048492,28
91.928129673,29
96.0217049122,30
94.6023705006,31
89.6383898258,32
82.3093421459,33
96.0942912102,34
84.3090529442,35
83.736342907,36
81.8255465031,37
83.5399024487,38
83.447617054,39
73.6490631104,40
74.3284740448,41
71.6539106369,42
71.1530959606,43
67.4207091331,44
70.0959248543,45
69.3995990753,46
66.429693222,47
64.8980898857,48
71.2457108498,49
75.2254056931,50
72.2938327789,51
70.9931454659,52
64.2163348198,53
69.7267787457,54
66.13301301,55
69.0717134476,56
65.7096815109,57
67.9982995987,58
65.160643816,59
63.0564873219,60
81.6713240147,61
66.505743742,62
63.9478654861,63
60.3017244339,64
73.5191283226,65
64.3846712112,66
68.0067608356,67
63.5362443924,68
72.4316971302,69
72.6987640858,70
63.832934618,71
64.9354119301,72
68.7945051193,73
61.7611596584,74
66.4125583172,75
65.3250491619,76
68.8775219917,77
63.8683335781,78
59.0703799725,79
61.9254977703,80
61.7466919422,81
66.3353402615,82
69.6791408062,83
64.1238534451,84
62.3531143665,85
58.7363731861,86
55.9779200554,87
57.1507060528,88
58.413803339,89
55.6997129917,90
57.9629552364,91
57.9531707764,92
49.1625905037,93
57.105932951,94
57.2980763912,95
54.6074004173,96
54.3048682213,97
54.6988539696,98
55.4649219513,99
54.3394145966,100
53.1325426102,101
57.7538616657,102
45.9990463257,103
58.2063558102,104
52.4521107674,105
55.6442103386,106
54.8931860924,107
49.5871193409,108
58.2271475792,109
52.6054124832,110
59.8962562084,111
50.6430947781,112
56.725399971,113
56.3805551529,114
55.1445674896,115
58.8461649418,116
57.8818080425,117
58.6779425144,118
56.6234228611,119
60.8023571968,120
60.5376803875,121
56.898665905,122
54.8348884583,123
54.9746644497,124
57.5315322876,125
59.5688979626,126
61.4584662914,127
60.1184630394,128
61.4655029774,129
60.0352907181,130
61.8710787296,131
49.8700277805,132
56.5063443184,133
54.6950933933,134
51.4064700603,135
52.3776600361,136
50.9395337105,137
54.4656288624,138
49.89407444,139
53.0193092823,140
52.4249715805,141
59.493530035,142
51.741314888,143
48.535793066,144
45.51172328,145
49.8240113258,146
57.7303290367,147
48.5538151264,148
49.4556968212,149
53.9382510185,150
53.1072247028,151
57.9566116333,152
50.5236287117,153
53.9188427925,154
54.0516090393,155
51.5088059902,156
59.3605604172,157
60.4589107037,158
61.2215330601,159
61.6494886875,160
61.2351014614,161
60.3592903614,162
65.1788086891,163
65.4776506424,164
56.9521660805,165
57.2890586853,166
57.8848767281,167
59.5325186253,168
57.8925933838,169
55.8113851547,170
56.2620668411,171
53.0967674255,172
56.2580432892,173
58.3419094086,174
57.7399594784,175
58.7988834381,176
56.2460353374,177
57.3990397453,178
50.7495589256,179
55.4879095554,180
52.4210729599,181
57.8668687344,182
56.7798089981,183
54.9916470051,184
51.2639400959,185
50.5787506104,186
59.7044034004,187
55.7103321552,188
57.5809018612,189
51.3773374557,190
47.6737556458,191
49.8947510719,192
54.6668131351,193
53.7800409794,194
49.2773218155,195
52.0030457973,196
51.4500443935,197
55.030659914,198
51.022598505,199
45.7686326504,200
46.8467257023,201
53.9946627617,202
55.5711398125,203
54.221108675,204
55.1155843735,205
48.911501646,206
52.2233920097,207
46.5835518837,208
45.5768811703,209
50.034681797,210
52.5497162342,211
54.734950304,212
58.4829163551,213
62.5091106892,214
51.6476581097,215
56.6371695995,216
57.3510444164,217
54.2752916813,218
54.498664856,219
58.7408282757,220
59.0828101635,221
57.8400125504,222
51.6891825199,223
57.605537653,224
59.8283724785,225
60.7357540131,226
51.8742833138,227
58.8635668755,228
52.9364731312,229
60.7312846184,230
58.0811803341,231
55.0369431973,232
57.6587324142,233
58.9503920078,234
57.9225895405,235
53.2111928463,236
57.7998161316,237
57.0477268696,238
60.9511897564,239
62.4801597595,240
59.0519328117,241
67.7215201855,242
55.8391871452,243
54.4154999256,244
54.6202270985,245
53.4452581406,246
58.7851266861,247
57.1459307671,248
58.2767059803,249
66.3518779278,250
55.1388995647,251
50.6400210857,252
55.157551527,253
58.3945813179,254
63.0209393501,255
59.9976444244,256
52.2161078453,257
54.1372380257,258
56.0075442791,259
53.9596495628,260
50.4026386738,261
48.981626749,262
48.2293329239,263
54.4109303951,264
46.9245269299,265
50.111802578,266
48.8437056541,267
47.5804066658,268
54.6033849716,269
52.31594944,270
60.2952287197,271
57.9348537922,272
52.3223712444,273
50.8135025501,274
46.6013176441,275
48.6520707607,276
48.4223816395,277
55.321813345,278
54.761017561,279
54.0712885857,280
56.8404848576,281
51.5133359432,282
58.0058217049,283
54.2704181671,284
55.839505434,285
56.801407814,286
51.4577567577,287
61.8356007073,
